0 198 134
1 177 146
2 167 126
3 186 114
4 164 98
5 152 110
6 134 96
7 134 120
8 116 124
9 122 152
10 142 140
11 154 158
12 314 108
13 290 114
14 286 90
15 310 86
16 296 62
17 280 70
18 266 50
19 260 74
20 242 70
21 236 100
22 260 96
23 264 118
24 430 120
25 406 118
26 410 96
27 434 100
28 428 72
29 410 75
30 405 50
31 392 70
32 376 62
33 360 87
34 384 90
35 380 114
36 538 172
37 516 160
38 528 140
39 548 152
40 553 124
41 538 120
42 538 96
43 518 109
44 506 98
45 484 115
46 504 127
47 492 147
48 170 408
49 170 430
50 150 430
51 150 408
52 122 418
53 128 435
54 105 444
55 128 454
56 122 472
57 150 482
58 150 460
59 170 460
96 404 364
97 404 334
98 374 364
99 374 334
100 435 334
101 466 340
102 374 304
103 404 304
104 436 304
105 466 308
106 498 314
107 526 316
108 500 452
109 440 428
110 405 396
111 374 398
112 436 396
113 438 368
114 472 440
115 466 406
116 466 375
117 495 390
118 498 422
119 474 465
120 340 366
121 296 362
122 278 334
123 246 335
124 246 302
125 215 302
126 278 305
127 308 304
128 308 334
129 338 304
130 338 334
131 266 355
132 442 462
133 474 502
134 442 492
135 454 522
136 410 492
137 422 520
138 410 460
139 434 542
140 380 492
141 380 462
142 380 430
143 410 430
