0 48 238
1 48 260
2 68 250
3 68 228
4 88 238
5 106 228
6 94 228
7 88 216
8 68 206
9 48 194
10 56 206
11 48 216
12 80 162
13 60 172
14 80 184
15 98 172
16 98 194
17 118 206
18 112 194
19 118 184
20 118 162
21 118 140
22 112 150
23 98 150
24 48 128
25 48 150
26 68 140
27 68 118
28 88 128
29 106 118
30 94 118
31 88 106
32 68 96
33 48 84
34 56 96
35 48 106
36 402 216
37 402 195
38 382 206
39 382 228
40 364 216
41 344 228
42 358 228
43 364 238
44 382 250
45 402 260
46 396 250
47 402 238
48 372 294
49 390 282
50 372 272
51 352 284
52 352 260
53 332 250
54 340 260
55 332 272
56 332 294
57 332 314
58 340 304
59 352 304
60 310 272
61 310 251
62 290 262
63 290 284
64 272 272
65 252 284
66 266 284
67 272 294
68 290 306
69 310 316
70 304 306
71 310 294
72 352 150
73 332 140
74 332 162
75 352 172
76 332 184
77 332 206
78 340 194
79 352 194
80 372 184
81 390 172
82 378 172
83 372 162
84 364 106
85 344 116
86 364 128
87 382 116
88 382 138
89 402 150
90 396 138
91 402 128
92 402 106
93 402 84
94 396 94
95 382 94
96 256 96
97 236 86
98 236 108
99 256 118
100 236 130
101 236 152
102 244 140
103 256 140
104 276 130
105 294 118
106 282 118
107 276 108
108 310 162
109 310 141
110 290 152
111 290 174
112 272 162
113 252 174
114 266 174
115 272 184
116 290 196
117 310 206
118 304 196
119 310 184
120 276 238
121 294 226
122 276 216
123 256 228
124 256 204
125 236 194
126 244 204
127 236 216
128 236 238
129 236 258
130 244 248
131 256 248
132 196 250
133 215 260
134 215 238
135 196 228
136 215 216
137 215 195
138 208 206
139 196 206
140 176 216
141 156 228
142 170 228
143 176 238
144 164 150
145 144 140
146 144 162
147 164 172
148 144 184
149 144 206
150 152 194
151 164 194
152 184 184
153 202 172
154 190 172
155 184 162
156 176 106
157 156 116
158 176 128
159 194 116
160 194 138
161 214 150
162 208 138
163 214 128
164 214 106
165 214 84
166 208 94
167 194 94
168 184 294
169 202 282
170 184 272
171 164 284
172 164 260
173 144 250
174 152 260
175 144 272
176 144 294
177 144 314
178 152 304
179 164 304
180 98 304
181 117 314
182 117 292
183 98 282
184 117 270
185 117 249
186 110 260
187 98 260
188 78 270
189 58 282
190 72 282
191 78 292
204 88 374
205 76 356
206 98 356
207 110 374
208 120 356
209 142 356
210 132 362
211 132 374
212 120 394
213 110 412
214 110 400
215 98 394
252 340 394
253 328 412
254 316 394
255 328 374
256 306 374
257 296 356
258 306 362
259 316 356
260 340 356
261 362 356
262 350 362
263 350 374
288 208 520
289 186 520
290 198 500
291 220 500
292 208 482
293 220 464
294 220 476
295 230 482
296 240 500
297 252 520
298 240 514
299 230 520
300 284 490
301 272 508
302 260 490
303 272 470
304 250 470
305 240 452
306 250 458
307 260 452
308 284 452
309 306 452
310 294 458
311 294 470
312 296 406
313 306 424
314 285 424
315 274 406
316 262 424
317 240 424
318 250 418
319 250 406
320 262 386
321 274 368
322 274 380
323 285 386
336 154 424
337 132 424
338 144 404
339 166 404
340 154 386
341 166 368
342 166 380
343 176 386
344 186 404
345 198 424
346 186 418
347 176 424
348 142 470
349 130 452
350 152 452
351 164 470
352 174 452
353 196 452
354 186 458
355 186 470
356 174 490
357 164 508
358 164 496
359 152 490
