0 490 160
1 500 140
2 520 150
3 525 123
4 506 120
5 510 95
6 490 110
7 480 98
8 457 115
9 475 125
10 465 145
11 445 135
12 380 118
13 382 95
14 407 100
15 402 72
16 383 74
17 377 50
18 364 70
19 348 62
20 332 88
21 356 90
22 353 114
23 212 122
24 264 113
25 259 90
26 283 86
27 270 60
28 250 70
29 240 50
30 233 75
31 215 70
32 210 100
33 232 96
34 236 118
35 212 120
36 150 145
37 140 125
38 160 115
39 138 98
40 124 110
41 106 96
42 106 120
43 90 124
44 95 150
45 114 140
46 127 160
47 105 172
48 470 458
49 495 458
50 495 480
51 520 470
52 515 454
53 537 444
54 515 434
55 520 415
56 495 407
57 495 430
58 472 430
59 475 405
96 145 315
97 175 308
98 207 305
99 238 305
100 208 335
101 175 340
102 270 305
103 270 335
104 238 334
105 270 363
106 240 363
107 115 318
108 142 453
109 145 422
110 150 390
111 175 375
112 205 370
113 207 396
114 170 440
115 175 405
116 270 395
117 240 395
118 200 430
119 167 465
120 335 305
121 365 305
122 395 305
123 428 300
124 365 335
125 395 335
126 345 365
127 305 305
128 335 335
129 305 335
130 305 365
131 377 353
132 263 462
133 262 492
134 232 492
135 220 520
136 190 525
137 202 493
138 230 462
139 207 543
140 170 502
141 200 460
142 233 430
143 264 430
