60 137 186
61 144 172
62 151 186
63 144 198
64 159 198
65 166 210
66 159 205
67 151 210
68 137 210
69 124 210
70 130 205
71 130 198
72 152 104
73 166 104
74 158 116
75 144 116
76 152 128
77 144 140
78 144 132
79 138 128
80 130 116
81 124 104
82 130 108
83 138 104
84 158 74
85 166 86
86 152 86
87 144 74
88 138 86
89 124 86
90 130 83
91 130 74
92 138 64
93 144 50
94 144 60
95 152 63
96 224 104
97 238 104
98 230 116
99 216 116
100 224 128
101 216 140
102 216 132
103 210 128
104 202 116
105 196 104
106 202 108
107 210 104
108 172 124
109 179 110
110 186 124
111 179 136
112 194 136
113 201 148
114 194 143
115 186 148
116 172 148
117 159 148
118 165 143
119 165 136
120 166 178
121 158 166
122 172 166
123 180 178
124 186 166
125 202 166
126 194 170
127 194 178
128 186 190
129 180 202
130 180 194
131 172 190
132 208 210
133 194 210
134 200 198
135 216 198
136 208 186
137 216 172
138 216 182
139 222 186
140 230 198
141 236 210
142 230 206
143 222 210
204 102 332
205 88 332
206 94 320
207 110 320
208 102 308
209 110 294
210 110 304
211 116 308
212 124 320
213 130 332
214 124 328
215 116 332
216 96 360
217 88 348
218 102 348
219 110 360
220 116 348
221 132 348
222 124 352
223 124 360
224 116 372
225 110 384
226 110 376
227 102 372
228 138 392
229 124 392
230 130 380
231 146 380
232 138 368
233 146 354
234 146 364
235 152 368
236 160 380
237 166 392
238 160 388
239 152 392
264 257 251
265 249 263
266 243 251
267 249 239
268 235 239
269 227 227
270 235 231
271 242 227
272 257 227
273 269 227
274 263 231
275 263 239
276 278 270
277 264 270
278 270 258
279 286 258
280 278 246
281 286 232
282 286 242
283 292 246
284 300 258
285 306 270
286 300 266
287 292 270
288 223 312
289 215 324
290 209 312
291 215 300
292 201 300
293 193 288
294 201 292
295 208 288
296 223 288
297 235 288
298 229 292
299 229 300
300 230 258
301 238 270
302 224 270
303 216 258
304 210 270
305 196 270
306 202 267
307 202 258
308 210 248
309 216 234
310 216 244
311 224 247
312 186 226
313 200 226
314 192 238
315 178 238
316 186 250
317 178 262
318 178 254
319 172 250
320 164 238
321 158 226
322 164 230
323 172 226
324 137 247
325 144 233
326 151 247
327 144 259
328 159 259
329 166 271
330 159 266
331 151 271
332 137 271
333 124 271
334 130 266
335 130 259
336 152 312
337 144 324
338 138 312
339 144 300
340 130 300
341 122 288
342 130 292
343 137 288
344 152 288
345 164 288
346 158 292
347 158 300
348 172 332
349 158 332
350 164 320
351 180 320
352 172 308
353 180 294
354 180 304
355 186 308
356 194 320
357 200 332
358 194 328
359 186 332
384 406 320
385 414 332
386 400 332
387 392 320
388 386 332
389 372 332
390 378 329
391 378 320
392 386 310
393 392 296
394 392 306
395 400 309
396 364 288
397 378 288
398 370 300
399 356 300
400 364 312
401 356 324
402 356 316
403 350 312
404 342 300
405 336 288
406 342 292
407 350 288
408 370 260
409 378 272
410 364 272
411 356 260
412 350 272
413 336 272
414 342 269
415 342 260
416 350 250
417 356 236
418 356 246
419 364 249
420 204 423
421 196 411
422 210 411
423 218 423
424 224 411
425 240 411
426 232 415
427 232 423
428 224 435
429 218 447
430 218 439
431 210 435
432 246 454
433 232 454
434 238 442
435 254 442
436 246 430
437 254 416
438 254 426
439 260 430
440 268 442
441 274 454
442 268 450
443 260 454
444 272 423
445 264 411
446 278 411
447 286 423
448 292 411
449 308 411
450 300 415
451 300 423
452 292 435
453 286 447
454 286 439
455 278 435
456 210 369
457 217 355
458 224 369
459 217 381
460 232 381
461 239 393
462 232 388
463 224 393
464 210 393
465 197 393
466 203 388
467 203 381
468 190 350
469 204 350
470 196 362
471 182 362
472 190 374
473 182 386
474 182 378
475 176 374
476 168 362
477 162 350
478 168 354
479 176 350
480 246 306
481 253 292
482 260 306
483 253 318
484 268 318
485 275 330
486 268 325
487 260 330
488 246 330
489 233 330
490 239 325
491 239 318
492 240 360
493 232 348
494 246 348
495 254 360
496 260 348
497 276 348
498 268 352
499 268 360
500 260 372
501 254 384
502 254 376
503 246 372
504 280 392
505 266 392
506 272 380
507 288 380
508 280 368
509 288 354
510 288 364
511 294 368
512 302 380
513 308 392
514 302 388
515 294 392
516 330 374
517 322 386
518 316 374
519 322 362
520 308 362
521 300 350
522 308 354
523 315 350
524 330 350
525 342 350
526 336 354
527 336 362
528 315 306
529 322 292
530 329 306
531 322 318
532 337 318
533 344 330
534 337 325
535 329 330
536 315 330
537 302 330
538 308 325
539 308 318
540 294 288
541 308 288
542 300 300
543 286 300
544 294 312
545 286 324
546 286 316
547 280 312
548 272 300
549 266 288
550 272 292
551 280 288
552 350 392
553 336 392
554 342 380
555 358 380
556 350 368
557 358 354
558 358 364
559 364 368
560 372 380
561 378 392
562 372 388
563 364 392
564 400 374
565 392 386
566 386 374
567 392 362
568 378 362
569 370 350
570 378 354
571 385 350
572 400 350
573 412 350
574 406 354
575 406 362
588 364 104
589 378 104
590 370 116
591 356 116
592 364 128
593 356 140
594 356 132
595 350 128
596 342 116
597 336 104
598 342 108
599 350 104
600 370 74
601 378 86
602 364 86
603 356 74
604 350 86
605 336 86
606 342 83
607 342 74
608 350 64
609 356 50
610 356 60
611 364 63
624 328 226
625 342 226
626 334 238
627 320 238
628 328 250
629 320 262
630 320 254
631 314 250
632 306 238
633 300 226
634 306 230
635 314 226
672 245 124
673 252 110
674 259 124
675 252 136
676 267 136
677 274 148
678 267 143
679 259 148
680 245 148
681 232 148
682 238 143
683 238 136
684 240 178
685 232 166
686 246 166
687 254 178
688 260 166
689 276 166
690 268 170
691 268 178
692 260 190
693 254 202
694 254 194
695 246 190
696 280 210
697 266 210
698 272 198
699 288 198
700 280 186
701 288 172
702 288 182
703 294 186
704 302 198
705 308 210
706 302 206
707 294 210
708 330 190
709 322 202
710 316 190
711 322 178
712 308 178
713 300 166
714 308 170
715 315 166
716 330 166
717 342 166
718 336 170
719 336 178
720 314 124
721 321 110
722 328 124
723 321 136
724 336 136
725 343 148
726 336 143
727 328 148
728 314 148
729 301 148
730 307 143
731 307 136
732 294 104
733 308 104
734 300 116
735 286 116
736 294 128
737 286 140
738 286 132
739 280 128
740 272 116
741 266 104
742 272 108
743 280 104
744 350 210
745 336 210
746 342 198
747 358 198
748 350 186
749 358 172
750 358 182
751 364 186
752 372 198
753 378 210
754 372 206
755 364 210
